Best hyperparameters for samples.txt:
lambda: 0.000010
alpha: 0.100000
hiddenSize: 16
maxIter: 10000
Score: 2.049678
Avg error on test data: 6.735938
